Temp TRT Unit NumEggs 
21   I   1    8   
21   I   2    0   
21   I   3    3   
21   I   4    5   
21   I   5    1   
21   I   6    3   
21   I   7   13   
21   I   8    7   
21   I   9    0   
21   I  10    6   
21   I  11    0   
21   I  12    1   
21   I  13    0   
21   I  14    5   
21   I  15    8   
21   I  16    0   
21   I  17    0   
21   I  18    3   
21   I  19    0   
21   I  20    3   
21   I  21    2   
21   I  22    9   
21   I  23    1   
21   I  24    8   
21   I  25    4   
21   I  26    1   
21   I  27    0   
21   I  28   11   
21   I  29   10   
21   I  30    2   
21   I  31    0   
21   I  32    0   
21   I  33    0   
21   I  34    8   
21   I  35    2   
21   G   1    0   
21   G   2    0   
21   G   3    0   
21   G   4    8   
21   G   5    6   
21   G   6    2   
21   G   7    2   
24   I   1    1   
24   I   2    8   
24   I   3    0   
24   I   4   10   
24   I   5    7   
24   I   6   19   
24   I   7    6   
24   I   8    0   
24   I   9    0   
24   I  10    0   
24   I  11    0   
24   I  12   12   
24   I  13    0   
24   I  14   18   
24   I  15    0   
24   I  16    0   
24   I  17   11   
24   I  18    0   
24   I  19    0   
24   I  20    0   
24   I  21    0   
24   I  22    4   
24   I  23    0   
24   I  24   13   
24   I  25    0   
24   I  26    1   
24   I  27    2   
24   I  28    1   
24   I  29    8   
24   I  30   11   
24   I  31   14   
24   I  32    0   
24   I  33    0   
24   I  34    4   
24   I  35    2   
24   G   1    4   
24   G   2   17   
24   G   3   10   
24   G   4    0   
24   G   5   12   
24   G   6    8   
24   G   7    0   
